0.00104824 0
0.00114937 0
0.00126026 0
0.00138185 0
0.00151517 0
0.00166135 0
0.00182163 0
0.00199738 0
0.00219008 0
0.00240138 0
0.00263306 0
0.00288709 0
0.00316563 0
0.00347105 0
0.00380593 0
0.00417312 0
0.00457573 0
0.00501719 0
0.00550124 0
0.00603199 0
0.00661394 0
0.00725204 0
0.00795171 0
0.00871887 0
0.00956005 0
0.0104824 0
0.0114937 0
0.0126026 0
0.0138185 0
0.0151517 0
0.0166135 0
0.0182163 0
0.0199738 0
0.0219008 0
0.0240138 0
0.0263306 0
0.0288709 0
0.0316563 0
0.0347105 0
0.0380593 0
0.0417312 0
0.0457573 0
0.0501719 41646.1
0.0550124 79639.7
0.0603199 47247.1
0.0661394 39442.3
0.0725204 26435.3
0.0795171 21448.9
0.0871887 18228.5
0.0956005 11560.1
0.104824 11080
0.114937 9355.41
0.126026 8846.82
0.138185 6062.14
0.151517 6717.15
0.166135 8657.66
0.182163 10207.5
0.199738 7585.98
0.219008 4241.91
0.240138 2455.69
0.263306 1794.03
0.288709 1402.13
0.316563 762.943
0.347105 767.397
0.380593 1248.6
0.417312 799.539
0.457573 338.822
0.501719 291.456
0.550124 343.878
0.603199 386.319
0.661394 117.45
0.725204 178.251
0.795171 291.094
0.871887 226.553
0.956005 215.058
1.04824 169.838
1.14937 110.638
1.26026 80.7228
1.38185 0
1.51517 0
1.66135 0
1.82163 0
1.99738 0
2.19008 0
2.40138 0
2.63306 0
2.88709 0
3.16563 0
3.47105 0
3.80593 0
4.17312 0
4.57573 0
5.01719 0
5.50124 0
6.03199 0
6.61394 0
7.25204 0
7.95171 0
8.71887 0
