0.00104824 0
0.00114937 0
0.00126026 0
0.00138185 0
0.00151517 0
0.00166135 0
0.00182163 0
0.00199738 0
0.00219008 0
0.00240138 0
0.00263306 0
0.00288709 0
0.00316563 0
0.00347105 0
0.00380593 0
0.00417312 0
0.00457573 0
0.00501719 0
0.00550124 0
0.00603199 0
0.00661394 0
0.00725204 0
0.00795171 0
0.00871887 0
0.00956005 1.32621e+08
0.0104824 7.17161e+08
0.0114937 5.25988e+08
0.0126026 2.64266e+08
0.0138185 1.52292e+08
0.0151517 9.42826e+07
0.0166135 5.89884e+07
0.0182163 4.16245e+07
0.0199738 2.87839e+07
0.0219008 1.96526e+07
0.0240138 1.27586e+07
0.0263306 7.53471e+06
0.0288709 4.86874e+06
0.0316563 3.05148e+06
0.0347105 2.49735e+06
0.0380593 1.6e+06
0.0417312 1.05048e+06
0.0457573 904447
0.0501719 728388
0.0550124 503342
0.0603199 579537
0.0661394 325228
0.0725204 224718
0.0795171 275547
0.0871887 167024
0.0956005 128634
0.104824 75398.6
0.114937 99476.7
0.126026 69733
0.138185 54172.4
0.151517 60965
0.166135 50228.8
0.182163 19217.2
0.199738 19784.2
0.219008 12047.4
0.240138 0
0.263306 8344.54
0.288709 7613.34
0.316563 5554.76
0.347105 2533
0.380593 3465.19
0.417312 0
0.457573 0
0.501719 876.205
0.550124 3196.43
0.603199 0
0.661394 664.669
0.725204 1212.37
0.795171 0
0.871887 504.203
0.956005 459.839
1.04824 838.756
1.14937 382.477
1.26026 697.647
1.38185 0
1.51517 290.139
1.66135 793.829
1.82163 723.98
1.99738 220.093
2.19008 200.727
2.40138 1647.59
2.63306 834.787
2.88709 913.601
3.16563 833.214
3.47105 759.901
3.80593 231.013
4.17312 632.058
4.57573 576.443
5.01719 613.343
5.50124 14463.9
6.03199 148383
6.61394 24459.8
7.25204 0
7.95171 110.57
8.71887 0
