0.00104824 0
0.00114937 0
0.00126026 0
0.00138185 0
0.00151517 0
0.00166135 0
0.00182163 0
0.00199738 0
0.00219008 0
0.00240138 0
0.00263306 0
0.00288709 0
0.00316563 0
0.00347105 0
0.00380593 0
0.00417312 0
0.00457573 0
0.00501719 0
0.00550124 0
0.00603199 0
0.00661394 0
0.00725204 0
0.00795171 0
0.00871887 0
0.00956005 0
0.0104824 0
0.0114937 0
0.0126026 0
0.0138185 0
0.0151517 0
0.0166135 0
0.0182163 0
0.0199738 0
0.0219008 0
0.0240138 0
0.0263306 0
0.0288709 0
0.0316563 0
0.0347105 0
0.0380593 0
0.0417312 0
0.0457573 0
0.0501719 3374.48
0.0550124 23081.1
0.0603199 12192.7
0.0661394 8826.99
0.0725204 6355.77
0.0795171 3657.95
0.0871887 3900.4
0.0956005 2645.89
0.104824 1107.93
0.114937 1145.3
0.126026 847.321
0.138185 1195.68
0.151517 1035.63
0.166135 447.096
0.182163 272.527
0.199738 452.897
0.219008 187.725
0.240138 102.752
0.263306 219.292
0.288709 141.462
0.316563 181.252
0.347105 117.912
0.380593 107.326
0.417312 97.844
0.457573 178.459
0.501719 113.333
0.550124 58.8938
0.603199 80.6144
0.661394 85.7747
0.725204 100.578
0.795171 30.5761
0.871887 27.8858
0.956005 50.8642
1.04824 30.9258
1.14937 42.307
1.26026 38.5845
1.38185 11.7298
1.51517 10.6977
1.66135 24.3911
1.82163 35.5919
1.99738 32.4602
2.19008 70.3096
2.40138 16.8745
2.63306 33.8574
2.88709 16.8427
3.16563 33.2816
3.47105 16.344
3.80593 14.9059
4.17312 17.4785
4.57573 19.4829
5.01719 14.538
5.50124 299.059
6.03199 4193.29
6.61394 629.831
7.25204 3.35261
7.95171 0
8.71887 0
